"TOA5","CR1000_K4","CR1000","38186","CR1000.Std.21","CPU:cs616TC_6hr.CR1","12282","avarages"
"TIMESTAMP","RECORD","PA_uS_Avg(1)","PA_uS_Avg(2)","PA_uS_Avg(3)","PA_uS_Avg(4)","PA_uS_Avg(5)","PA_uS_Avg(6)","PA_uS_Avg(7)","PA_uS_Avg(8)","PA_uS_Avg(9)","PA_uS_Avg(10)","PA_uS_Avg(11)","PA_uS_Avg(12)","VW_Avg(1)","VW_Avg(2)","VW_Avg(3)","VW_Avg(4)","VW_Avg(5)","VW_Avg(6)","VW_Avg(7)","VW_Avg(8)","VW_Avg(9)","VW_Avg(10)","VW_Avg(11)","VW_Avg(12)","tc_e_Avg(1)","tc_e_Avg(2)","tc_e_Avg(3)","tc_e_Avg(4)","tc_e_Avg(5)","tc_e_Avg(6)","tc_e_Avg(7)","tc_e_Avg(8)","tc_e_Avg(9)","tc_e_Avg(10)","tc_e_Avg(11)","tc_e_Avg(12)","voltage_Min"
"TS","RN","","","","","","","","","","","","","","","","","","","","","","","","","","","","","","","","","","","","",""
"","","Avg","Avg","Avg","Avg","Avg","Avg","Avg","Avg","Avg","Avg","Avg","Avg","Avg","Avg","Avg","Avg","Avg","Avg","Avg","Avg","Avg","Avg","Avg","Avg","Avg","Avg","Avg","Avg","Avg","Avg","Avg","Avg","Avg","Avg","Avg","Avg","Min"
"2015-01-08 18:00:00",1652,22.72,24.17,21.7,23.2,20.41,22.68,23.77,22.01,26.28,25.91,25.65,24.71,0.152,0.191,0.127,0.164,0.097,0.151,0.179,0.134,0.252,0.24,0.233,0.206,23.58,23.24,22.88,23.23,23.27,23.19,23.11,23.12,"NAN","NAN","NAN","NAN",12.54
"2015-01-09 00:00:00",1653,22.88,24.69,21.71,23.19,20.4,22.67,23.76,22.02,26.27,25.91,25.7,24.71,0.156,0.205,0.127,0.164,0.097,0.151,0.179,0.134,0.251,0.24,0.234,0.205,21.84,23.2,23.07,23.31,23.34,23.23,23.22,23.23,"NAN","NAN","NAN","NAN",12.55
"2015-01-09 06:00:00",1654,22.67,24.42,21.82,23.18,20.39,22.66,23.75,22,26.28,25.91,25.74,24.71,0.151,0.197,0.13,0.164,0.096,0.15,0.179,0.134,0.252,0.24,0.235,0.205,21.09,22.93,23.14,23.34,23.39,23.27,23.27,23.28,"NAN","NAN","NAN","NAN",12.54
"2015-01-09 12:00:00",1655,22.87,24.25,21.99,23.17,20.38,22.66,23.74,22,26.28,25.91,25.78,24.71,0.156,0.192,0.134,0.163,0.096,0.15,0.179,0.134,0.252,0.24,0.237,0.205,22.54,22.68,23.01,23.28,23.34,23.22,23.21,23.23,"NAN","NAN","NAN","NAN",12.54
"2015-01-09 18:00:00",1656,23.44,25.47,23.9,23.15,20.37,22.65,23.74,22.02,26.27,25.91,25.82,24.71,0.171,0.228,0.183,0.163,0.096,0.15,0.179,0.134,0.251,0.24,0.238,0.206,21.31,22.31,22.97,23.31,23.39,23.26,23.27,23.28,"NAN","NAN","NAN","NAN",12.54
"2015-01-10 00:00:00",1657,22.91,24.81,23.59,23.24,20.36,22.64,23.74,22.01,26.27,25.91,25.85,24.71,0.157,0.208,0.175,0.165,0.096,0.15,0.179,0.134,0.251,0.24,0.239,0.206,20.74,22.44,22.9,23.31,23.41,23.29,23.27,23.28,"NAN","NAN","NAN","NAN",12.54
"2015-01-10 06:00:00",1658,22.71,24.57,23.32,23.52,20.35,22.63,23.73,22,26.27,25.91,25.88,24.71,0.152,0.201,0.168,0.173,0.095,0.15,0.178,0.134,0.251,0.24,0.24,0.206,19.5,22.17,22.85,23.32,23.44,23.32,23.31,23.33,"NAN","NAN","NAN","NAN",12.54
"2015-01-10 12:00:00",1659,22.56,24.39,23.14,23.71,20.34,22.62,23.72,22.03,26.27,25.91,25.91,24.72,0.148,0.197,0.163,0.178,0.095,0.149,0.178,0.135,0.251,0.24,0.24,0.206,21.84,21.85,22.64,23.22,23.36,23.2,23.26,23.28,"NAN","NAN","NAN","NAN",12.54
"2015-01-10 18:00:00",1660,22.35,24.15,22.98,23.76,20.33,22.62,23.72,22.03,26.26,25.91,25.94,24.73,0.142,0.19,0.159,0.179,0.095,0.149,0.178,0.135,0.251,0.24,0.241,0.206,24.72,22.66,22.39,23.02,23.23,23.12,23.06,23.08,"NAN","NAN","NAN","NAN",12.54
"2015-01-11 00:00:00",1661,22.34,24.02,22.86,23.77,20.33,22.61,23.71,22.02,26.26,25.91,25.96,24.73,0.142,0.186,0.156,0.18,0.095,0.149,0.178,0.135,0.251,0.24,0.242,0.206,22.03,23.06,22.65,23.13,23.34,23.23,23.21,23.23,"NAN","NAN","NAN","NAN",12.54
"2015-01-11 06:00:00",1662,22.28,23.95,22.78,23.77,20.33,22.59,23.7,22,26.26,25.91,25.99,24.73,0.141,0.184,0.153,0.179,0.095,0.149,0.178,0.134,0.251,0.24,0.243,0.206,21.01,22.81,22.81,23.15,23.4,23.29,23.27,23.29,"NAN","NAN","NAN","NAN",12.54
"2015-01-11 12:00:00",1663,22.19,23.87,22.71,23.75,20.34,22.59,23.7,22,26.25,25.9,26,24.74,0.139,0.182,0.152,0.179,0.095,0.149,0.178,0.134,0.251,0.24,0.243,0.206,23.5,22.51,22.73,23.06,23.3,23.15,23.21,23.22,"NAN","NAN","NAN","NAN",12.54
"2015-01-11 18:00:00",1664,22.04,23.67,22.62,23.73,20.34,22.58,23.7,21.99,26.27,25.9,26.02,24.74,0.135,0.177,0.149,0.178,0.095,0.148,0.177,0.134,0.251,0.24,0.244,0.206,23.7,23.34,22.65,22.97,23.24,23.16,23.08,23.1,"NAN","NAN","NAN","NAN",12.54
"2015-01-12 00:00:00",1665,22.19,23.6,22.56,23.7,20.34,22.57,23.69,22,26.28,25.89,26.04,24.74,0.139,0.175,0.148,0.178,0.095,0.148,0.177,0.134,0.252,0.24,0.244,0.206,20.18,23.12,22.98,23.16,23.42,23.33,23.3,23.32,"NAN","NAN","NAN","NAN",12.54
"2015-01-12 06:00:00",1666,22.15,23.57,22.52,23.68,20.35,22.56,23.68,21.99,26.29,25.89,26.05,24.75,0.138,0.174,0.147,0.177,0.095,0.148,0.177,0.134,0.252,0.24,0.245,0.207,19.62,22.48,22.97,23.18,23.43,23.33,23.32,23.33,"NAN","NAN","NAN","NAN",12.54
"2015-01-12 12:00:00",1667,22.11,23.53,22.48,23.66,20.36,22.56,23.67,21.99,26.29,25.9,26.07,24.74,0.137,0.173,0.146,0.177,0.096,0.148,0.177,0.134,0.252,0.24,0.245,0.206,22.03,22.09,22.75,23.11,23.34,23.21,23.26,23.28,"NAN","NAN","NAN","NAN",12.54
"2015-01-12 18:00:00",1668,21.91,23.34,22.41,23.63,20.37,22.55,23.67,21.98,26.29,25.89,26.08,24.75,0.132,0.168,0.144,0.176,0.096,0.148,0.177,0.133,0.252,0.24,0.246,0.207,25.4,22.88,22.47,22.93,23.16,23.08,23.06,23.07,"NAN","NAN","NAN","NAN",12.54
"2015-01-13 00:00:00",1669,21.81,23.25,22.37,23.6,20.37,22.54,23.67,21.98,26.29,25.89,26.09,24.76,0.129,0.166,0.143,0.175,0.096,0.147,0.177,0.133,0.252,0.24,0.246,0.207,22.79,23.46,22.71,23.03,23.29,23.23,23.17,23.18,"NAN","NAN","NAN","NAN",12.54
"2015-01-13 06:00:00",1670,21.77,23.23,22.34,23.58,20.37,22.53,23.66,21.97,26.29,25.89,26.1,24.77,0.128,0.165,0.142,0.174,0.096,0.147,0.176,0.133,0.252,0.24,0.246,0.207,20.89,23.15,22.95,23.12,23.38,23.31,23.27,23.28,"NAN","NAN","NAN","NAN",12.54
"2015-01-13 12:00:00",1671,21.72,23.2,22.31,23.56,20.37,22.53,23.65,21.97,26.29,25.88,26.11,24.78,0.127,0.164,0.142,0.174,0.096,0.147,0.176,0.133,0.252,0.239,0.246,0.207,22.6,22.7,22.91,23.07,23.32,23.2,23.24,23.26,"NAN","NAN","NAN","NAN",12.54
"2015-01-13 18:00:00",1672,21.56,23.04,22.26,23.53,20.37,22.53,23.65,21.96,26.28,25.88,26.12,24.78,0.123,0.16,0.14,0.173,0.096,0.147,0.176,0.133,0.252,0.239,0.247,0.207,25.16,23.15,22.7,22.93,23.17,23.1,23.05,23.07,"NAN","NAN","NAN","NAN",12.54
"2015-01-14 00:00:00",1673,21.93,22.98,22.23,23.51,20.38,22.52,23.64,21.99,26.28,25.88,26.11,24.78,0.132,0.159,0.139,0.173,0.096,0.147,0.176,0.134,0.252,0.239,0.247,0.207,19.95,23.24,23.03,23.17,23.41,23.35,23.29,23.31,"NAN","NAN","NAN","NAN",12.54
"2015-01-14 06:00:00",1674,21.9,22.99,22.21,23.5,20.38,22.52,23.63,21.97,26.28,25.87,26.12,24.79,0.132,0.159,0.139,0.172,0.096,0.147,0.176,0.133,0.252,0.239,0.247,0.208,19.4,22.54,23.04,23.19,23.42,23.34,23.32,23.34,"NAN","NAN","NAN","NAN",12.54
"2015-01-14 12:00:00",1675,21.87,23,22.18,23.48,20.38,22.52,23.64,21.95,26.27,25.87,26.13,24.81,0.131,0.159,0.138,0.172,0.096,0.147,0.176,0.133,0.251,0.239,0.247,0.208,21.99,22.06,22.8,23.11,23.32,23.22,23.26,23.28,"NAN","NAN","NAN","NAN",12.53
"2015-01-14 18:00:00",1676,21.99,22.97,22.13,23.45,20.37,22.52,23.63,21.96,26.27,25.87,26.14,24.81,0.134,0.158,0.137,0.171,0.096,0.147,0.176,0.133,0.251,0.239,0.247,0.208,24.54,22.95,22.52,22.95,23.18,23.14,23.06,23.08,"NAN","NAN","NAN","NAN",12.54
"2015-01-15 00:00:00",1677,23.47,24.6,22.1,23.43,20.37,22.52,23.62,22,26.27,25.86,26.13,24.83,0.172,0.203,0.136,0.17,0.096,0.147,0.175,0.134,0.251,0.239,0.247,0.209,19.89,22.77,22.84,23.15,23.39,23.34,23.28,23.3,"NAN","NAN","NAN","NAN",12.54
"2015-01-15 06:00:00",1678,23.24,25,22.22,23.41,20.36,22.52,23.61,21.99,26.27,25.86,26.14,24.85,0.165,0.214,0.139,0.17,0.096,0.147,0.175,0.134,0.251,0.239,0.247,0.209,18.86,22.15,22.89,23.19,23.43,23.37,23.35,23.36,"NAN","NAN","NAN","NAN",12.53
"2015-01-15 12:00:00",1679,22.94,24.71,22.62,23.39,20.36,22.53,23.61,21.98,26.26,25.86,26.14,24.88,0.157,0.205,0.149,0.169,0.096,0.147,0.175,0.134,0.251,0.239,0.247,0.21,21.09,21.69,22.62,23.11,23.35,23.26,23.29,23.31,"NAN","NAN","NAN","NAN",12.53
"2015-01-15 18:00:00",1680,22.65,24.43,22.74,23.38,20.35,22.52,23.61,21.97,26.26,25.85,26.14,24.9,0.15,0.197,0.152,0.169,0.095,0.147,0.175,0.133,0.251,0.239,0.247,0.211,24.19,22.19,22.31,22.94,23.2,23.13,23.13,23.15,"NAN","NAN","NAN","NAN",12.54
"2015-01-16 00:00:00",1681,22.46,24.24,22.72,23.39,20.35,22.52,23.6,21.95,26.26,25.85,26.15,24.94,0.145,0.192,0.152,0.169,0.095,0.147,0.175,0.133,0.251,0.239,0.247,0.212,22.15,22.83,22.44,23,23.29,23.25,23.2,23.21,"NAN","NAN","NAN","NAN",12.54
"2015-01-16 06:00:00",1682,22.37,24.14,22.68,23.41,20.35,22.51,23.6,21.95,26.25,25.84,26.15,24.99,0.143,0.189,0.151,0.17,0.095,0.147,0.175,0.133,0.251,0.238,0.247,0.213,20.63,22.62,22.62,23.05,23.36,23.31,23.29,23.3,"NAN","NAN","NAN","NAN",12.53
"2015-01-16 12:00:00",1683,22.28,24.05,22.64,23.42,20.34,22.5,23.6,21.95,26.25,25.84,26.15,25.05,0.141,0.187,0.15,0.17,0.095,0.146,0.175,0.133,0.251,0.238,0.248,0.215,22.02,22.29,22.59,22.98,23.31,23.24,23.24,23.26,"NAN","NAN","NAN","NAN",12.53
"2015-01-16 18:00:00",1684,22.17,23.94,22.59,23.43,20.34,22.5,23.6,21.95,26.25,25.83,26.15,25.13,0.138,0.184,0.149,0.17,0.095,0.146,0.175,0.133,0.251,0.238,0.248,0.217,23.24,22.48,22.5,22.93,23.27,23.21,23.2,23.21,"NAN","NAN","NAN","NAN",12.53
"2015-01-17 00:00:00",1685,22.08,23.86,22.55,23.43,20.34,22.5,23.6,21.93,26.25,25.83,26.15,25.22,0.136,0.182,0.148,0.17,0.095,0.146,0.175,0.132,0.251,0.238,0.248,0.22,21.34,22.67,22.58,22.97,23.32,23.29,23.24,23.25,"NAN","NAN","NAN","NAN",12.53
"2015-01-17 06:00:00",1686,22.03,23.81,22.52,23.43,20.34,22.49,23.59,21.93,26.24,25.82,26.15,25.31,0.135,0.18,0.147,0.17,0.095,0.146,0.175,0.132,0.25,0.238,0.248,0.223,19.94,22.38,22.67,23.03,23.39,23.35,23.31,23.33,"NAN","NAN","NAN","NAN",12.54
"2015-01-17 12:00:00",1687,21.99,23.76,22.48,23.43,20.34,22.49,23.59,21.93,26.24,25.82,26.15,25.42,0.134,0.179,0.146,0.17,0.095,0.146,0.175,0.132,0.25,0.238,0.248,0.226,21.38,22.04,22.56,22.98,23.33,23.27,23.28,23.3,"NAN","NAN","NAN","NAN",12.53
"2015-01-17 18:00:00",1688,21.87,23.65,22.44,23.43,20.34,22.49,23.59,21.93,26.24,25.82,26.15,25.53,0.131,0.176,0.145,0.17,0.095,0.146,0.175,0.132,0.25,0.238,0.248,0.229,24.38,22.3,22.36,22.87,23.22,23.18,23.17,23.18,"NAN","NAN","NAN","NAN",12.53
"2015-01-18 00:00:00",1689,21.78,23.55,22.4,23.42,20.34,22.48,23.58,21.92,26.24,25.81,26.16,25.64,0.129,0.174,0.144,0.17,0.095,0.146,0.174,0.132,0.25,0.237,0.248,0.232,21.87,22.71,22.46,22.92,23.29,23.27,23.22,23.23,"NAN","NAN","NAN","NAN",12.53
"2015-01-18 06:00:00",1690,21.74,23.51,22.37,23.41,20.34,22.48,23.57,21.91,26.24,25.81,26.16,25.74,0.128,0.173,0.143,0.17,0.095,0.146,0.174,0.132,0.25,0.237,0.248,0.235,20.91,22.51,22.58,22.96,23.34,23.3,23.28,23.3,"NAN","NAN","NAN","NAN",12.53
"2015-01-18 12:00:00",1691,21.69,23.46,22.33,23.41,20.35,22.47,23.57,21.93,26.23,25.8,26.15,25.84,0.126,0.171,0.142,0.17,0.095,0.146,0.174,0.132,0.25,0.237,0.248,0.238,23.13,22.29,22.49,22.87,23.24,23.2,23.21,23.23,"NAN","NAN","NAN","NAN",12.53
"2015-01-18 18:00:00",1692,21.55,23.3,22.29,23.39,20.35,22.48,23.57,21.93,26.23,25.8,26.15,25.93,0.123,0.167,0.141,0.169,0.095,0.146,0.174,0.132,0.25,0.237,0.248,0.241,23.33,22.86,22.46,22.84,23.22,23.22,23.16,23.17,"NAN","NAN","NAN","NAN",12.53
"2015-01-19 00:00:00",1693,21.5,23.26,22.26,23.39,20.34,22.49,23.57,21.94,26.23,25.79,26.15,26.01,0.122,0.166,0.14,0.169,0.095,0.146,0.174,0.132,0.25,0.237,0.248,0.243,21.05,22.86,22.65,22.93,23.32,23.3,23.26,23.27,"NAN","NAN","NAN","NAN",12.53
"2015-01-19 06:00:00",1694,21.48,23.23,22.23,23.37,20.33,22.49,23.56,21.91,26.22,25.79,26.15,26.09,0.121,0.165,0.14,0.169,0.095,0.146,0.174,0.132,0.25,0.237,0.248,0.246,19.78,22.46,22.74,22.99,23.37,23.36,23.33,23.35,"NAN","NAN","NAN","NAN",12.53
"2015-01-19 12:00:00",1695,21.45,23.18,22.2,23.36,20.33,22.47,23.56,21.88,26.22,25.79,26.15,26.15,0.121,0.164,0.139,0.169,0.095,0.146,0.174,0.131,0.25,0.237,0.248,0.248,22.98,22.05,22.53,22.87,23.24,23.18,23.24,23.25,"NAN","NAN","NAN","NAN",12.53
"2015-01-19 18:00:00",1696,21.31,23.03,22.16,23.34,20.33,22.47,23.56,21.88,26.22,25.79,26.15,26.22,0.117,0.16,0.138,0.168,0.095,0.146,0.174,0.131,0.25,0.237,0.248,0.25,24.19,22.73,22.39,22.8,23.18,23.18,23.12,23.13,"NAN","NAN","NAN","NAN",12.53
"2015-01-20 00:00:00",1697,21.27,22.99,22.14,23.34,20.33,22.47,23.57,21.9,26.22,25.78,26.15,26.27,0.116,0.159,0.137,0.168,0.095,0.146,0.174,0.131,0.25,0.237,0.248,0.251,21.82,22.9,22.58,22.89,23.27,23.27,23.22,23.24,"NAN","NAN","NAN","NAN",12.53
"2015-01-20 06:00:00",1698,21.26,22.97,22.11,23.32,20.32,22.47,23.57,21.91,26.22,25.77,26.14,26.32,0.116,0.158,0.137,0.168,0.095,0.146,0.174,0.132,0.25,0.236,0.247,0.253,20.71,22.63,22.71,22.95,23.32,23.31,23.29,23.3,"NAN","NAN","NAN","NAN",12.53
"2015-01-20 12:00:00",1699,21.22,22.93,22.09,23.32,20.32,22.46,23.56,21.91,26.21,25.77,26.14,26.37,0.115,0.157,0.136,0.167,0.095,0.145,0.174,0.132,0.249,0.236,0.247,0.254,23.24,22.32,22.59,22.87,23.23,23.19,23.22,23.24,"NAN","NAN","NAN","NAN",12.53
"2015-01-20 18:00:00",1700,21.06,22.74,22.05,23.29,20.32,22.46,23.56,21.91,26.21,25.77,26.14,26.41,0.112,0.152,0.135,0.167,0.095,0.145,0.174,0.132,0.249,0.236,0.247,0.256,27.09,22.94,22.38,22.68,23.05,23.04,23.01,23.03,"NAN","NAN","NAN","NAN",12.53
"2015-01-21 00:00:00",1701,20.99,22.65,22.02,23.28,20.32,22.46,23.56,21.89,26.21,25.76,26.14,26.45,0.11,0.15,0.134,0.166,0.095,0.145,0.174,0.131,0.249,0.236,0.247,0.257,23.72,23.56,22.66,22.83,23.2,23.21,23.14,23.15,"NAN","NAN","NAN","NAN",12.53
"2015-01-21 06:00:00",1702,20.97,22.63,22,23.27,20.3,22.45,23.56,21.89,26.2,25.76,26.14,26.49,0.109,0.15,0.134,0.166,0.094,0.145,0.174,0.131,0.249,0.236,0.247,0.258,21.53,23.32,22.91,22.92,23.28,23.28,23.25,23.26,"NAN","NAN","NAN","NAN",12.53
"2015-01-21 12:00:00",1703,20.94,22.58,21.98,23.26,20.31,22.45,23.56,21.9,26.2,25.75,26.14,26.52,0.109,0.148,0.133,0.166,0.095,0.145,0.174,0.131,0.249,0.236,0.247,0.259,23.49,22.92,22.89,22.9,23.22,23.2,23.22,23.23,"NAN","NAN","NAN","NAN",12.53
"2015-01-21 18:00:00",1704,20.84,22.46,21.95,23.24,20.3,22.45,23.56,21.9,26.2,25.75,26.14,26.55,0.106,0.145,0.133,0.165,0.094,0.145,0.174,0.131,0.249,0.236,0.247,0.26,22.54,23.14,22.87,22.92,23.24,23.26,23.19,23.2,"NAN","NAN","NAN","NAN",12.53
"2015-01-22 00:00:00",1705,20.81,22.42,21.93,23.23,20.3,22.46,23.55,21.83,26.19,25.74,26.15,26.58,0.106,0.144,0.132,0.165,0.094,0.145,0.174,0.13,0.249,0.235,0.248,0.261,19.83,22.82,22.97,23.04,23.33,23.35,23.31,23.32,"NAN","NAN","NAN","NAN",12.53
"2015-01-22 06:00:00",1706,20.8,22.4,21.91,23.22,20.3,22.45,23.55,21.84,26.18,25.74,26.15,26.61,0.106,0.144,0.132,0.165,0.094,0.145,0.173,0.13,0.249,0.235,0.248,0.262,18.91,22.24,22.91,23.09,23.37,23.37,23.35,23.36,"NAN","NAN","NAN","NAN",12.52
"2015-01-22 12:00:00",1707,20.77,22.37,21.9,23.2,20.29,22.45,23.55,21.83,26.18,25.73,26.15,26.63,0.105,0.143,0.131,0.164,0.094,0.145,0.173,0.13,0.249,0.235,0.248,0.262,22.08,21.71,22.6,22.99,23.24,23.2,23.27,23.29,"NAN","NAN","NAN","NAN",12.52
"2015-01-22 18:00:00",1708,20.65,22.2,21.86,23.18,20.29,22.45,23.55,21.83,26.18,25.73,26.14,26.66,0.102,0.139,0.13,0.164,0.094,0.145,0.173,0.13,0.248,0.235,0.247,0.263,27.24,22.36,22.22,22.74,23.02,23.02,22.99,23.01,"NAN","NAN","NAN","NAN",12.53
"2015-01-23 00:00:00",1709,20.61,22.12,21.83,23.16,20.28,22.44,23.54,21.88,26.18,25.72,26.13,26.68,0.101,0.137,0.13,0.163,0.094,0.145,0.173,0.131,0.248,0.235,0.247,0.264,23.24,23.09,22.49,22.9,23.2,23.22,23.16,23.17,"NAN","NAN","NAN","NAN",12.53
"2015-01-23 06:00:00",1710,20.59,22.11,21.81,23.16,20.28,22.43,23.53,21.88,26.17,25.72,26.12,26.7,0.101,0.137,0.129,0.163,0.094,0.145,0.173,0.131,0.248,0.235,0.247,0.264,20.96,22.85,22.72,22.99,23.3,23.32,23.28,23.29,"NAN","NAN","NAN","NAN",12.52
"2015-01-23 12:00:00",1711,20.57,22.07,21.8,23.14,20.27,22.43,23.53,21.89,26.17,25.73,26.12,26.72,0.1,0.136,0.129,0.163,0.094,0.145,0.173,0.131,0.248,0.235,0.247,0.265,23.75,22.42,22.64,22.89,23.21,23.16,23.22,23.23,"NAN","NAN","NAN","NAN",12.52
"2015-01-23 18:00:00",1712,20.48,21.96,21.75,23.12,20.27,22.42,23.53,21.88,26.17,25.72,26.12,26.73,0.098,0.133,0.128,0.162,0.094,0.144,0.173,0.131,0.248,0.235,0.247,0.265,24.94,22.99,22.53,22.8,23.13,23.14,23.08,23.11,"NAN","NAN","NAN","NAN",12.53
"2015-01-24 00:00:00",1713,20.46,21.92,21.73,23.11,20.26,22.42,23.54,21.88,26.18,25.72,26.11,26.74,0.098,0.132,0.127,0.162,0.093,0.144,0.173,0.131,0.248,0.235,0.246,0.266,22.06,23.11,22.76,22.94,23.26,23.27,23.23,23.24,"NAN","NAN","NAN","NAN",12.52
"2015-01-24 06:00:00",1714,20.45,21.92,21.73,23.1,20.26,22.42,23.53,21.89,26.16,25.72,26.11,26.77,0.098,0.132,0.127,0.162,0.093,0.144,0.173,0.131,0.248,0.235,0.246,0.267,20.93,22.75,22.84,22.99,23.3,23.3,23.28,23.29,"NAN","NAN","NAN","NAN",12.52
"2015-01-24 12:00:00",1715,20.44,21.91,21.71,23.09,20.25,22.42,23.53,21.89,26.16,25.7,26.1,26.77,0.097,0.132,0.127,0.161,0.093,0.144,0.173,0.131,0.248,0.234,0.246,0.267,22.98,22.43,22.72,22.93,23.23,23.21,23.22,23.24,"NAN","NAN","NAN","NAN",12.52
"2015-01-24 18:00:00",1716,22,23.13,21.68,23.08,20.24,22.42,23.53,21.92,26.16,25.7,26.11,26.79,0.134,0.163,0.126,0.161,0.093,0.144,0.173,0.132,0.248,0.234,0.246,0.267,21.54,22.37,22.68,22.97,23.28,23.3,23.24,23.26,"NAN","NAN","NAN","NAN",12.52
"2015-01-25 00:00:00",1717,22.49,23.81,21.67,23.07,20.24,22.42,23.53,21.88,26.15,25.7,26.11,26.81,0.146,0.181,0.126,0.161,0.093,0.144,0.173,0.131,0.248,0.234,0.246,0.268,19.67,22.23,22.71,23.02,23.34,23.34,23.32,23.33,"NAN","NAN","NAN","NAN",12.52
"2015-01-25 06:00:00",1718,22.42,23.81,21.66,23.06,20.24,22.42,23.52,21.88,26.15,25.7,26.11,26.82,0.144,0.18,0.126,0.161,0.093,0.144,0.173,0.131,0.248,0.234,0.246,0.268,19.4,21.84,22.62,23.04,23.34,23.35,23.32,23.35,"NAN","NAN","NAN","NAN",12.52
"2015-01-25 12:00:00",1719,22.4,23.79,21.67,23.05,20.24,22.42,23.52,21.87,26.15,25.69,26.11,26.83,0.144,0.18,0.126,0.16,0.093,0.144,0.173,0.131,0.248,0.234,0.246,0.269,20.57,21.57,22.43,22.99,23.32,23.31,23.31,23.32,"NAN","NAN","NAN","NAN",12.52
"2015-01-25 18:00:00",1720,22.32,23.72,21.69,23.05,20.23,22.41,23.52,21.87,26.15,25.69,26.11,26.84,0.142,0.178,0.126,0.16,0.093,0.144,0.173,0.131,0.248,0.234,0.246,0.269,22.12,21.78,22.22,22.89,23.24,23.23,23.22,23.24,"NAN","NAN","NAN","NAN",12.52
"2015-01-26 00:00:00",1721,22.27,23.64,21.7,23.04,20.22,22.41,23.51,21.87,26.14,25.69,26.1,26.85,0.14,0.176,0.127,0.16,0.093,0.144,0.173,0.131,0.247,0.234,0.246,0.269,21.13,22.05,22.24,22.89,23.27,23.28,23.25,23.27,"NAN","NAN","NAN","NAN",12.52
"2015-01-26 06:00:00",1722,22.21,23.59,21.72,23.04,20.21,22.4,23.51,21.87,26.14,25.69,26.1,26.86,0.139,0.175,0.127,0.16,0.092,0.144,0.172,0.131,0.247,0.234,0.246,0.27,20.52,21.95,22.29,22.9,23.31,23.31,23.3,23.31,"NAN","NAN","NAN","NAN",12.52
"2015-01-26 12:00:00",1723,22.15,23.53,21.74,23.03,20.21,22.39,23.51,21.88,26.14,25.69,26.1,26.86,0.138,0.173,0.127,0.16,0.092,0.144,0.172,0.131,0.247,0.234,0.246,0.27,21.8,21.8,22.21,22.82,23.25,23.24,23.25,23.26,"NAN","NAN","NAN","NAN",12.52
"2015-01-26 18:00:00",1724,22,23.41,21.74,23.02,20.2,22.39,23.51,21.87,26.14,25.68,26.1,26.87,0.134,0.17,0.128,0.16,0.092,0.144,0.172,0.131,0.247,0.233,0.246,0.27,23.06,22.26,22.14,22.74,23.19,23.2,23.17,23.19,"NAN","NAN","NAN","NAN",12.52
"2015-01-27 00:00:00",1725,21.9,23.33,21.76,23.02,20.2,22.38,23.51,21.86,26.14,25.68,26.09,26.88,0.132,0.168,0.128,0.16,0.092,0.143,0.172,0.13,0.247,0.233,0.246,0.27,21.27,22.52,22.3,22.79,23.26,23.28,23.24,23.26,"NAN","NAN","NAN","NAN",12.52
"2015-01-27 06:00:00",1726,21.86,23.29,21.76,23.02,20.21,22.39,23.5,21.86,26.15,25.67,26.09,26.89,0.13,0.167,0.128,0.16,0.092,0.143,0.172,0.131,0.247,0.233,0.246,0.27,20.13,22.24,22.42,22.82,23.3,23.32,23.3,23.32,"NAN","NAN","NAN","NAN",12.52
