"TOA5","CR1000_M8","CR1000","37299","CR1000.Std.21","CPU:cs616TC_6hr.CR1","12282","avarages"
"TIMESTAMP","RECORD","PA_uS_Avg(1)","PA_uS_Avg(2)","PA_uS_Avg(3)","PA_uS_Avg(4)","PA_uS_Avg(5)","PA_uS_Avg(6)","PA_uS_Avg(7)","PA_uS_Avg(8)","PA_uS_Avg(9)","PA_uS_Avg(10)","PA_uS_Avg(11)","PA_uS_Avg(12)","VW_Avg(1)","VW_Avg(2)","VW_Avg(3)","VW_Avg(4)","VW_Avg(5)","VW_Avg(6)","VW_Avg(7)","VW_Avg(8)","VW_Avg(9)","VW_Avg(10)","VW_Avg(11)","VW_Avg(12)","tc_e_Avg(1)","tc_e_Avg(2)","tc_e_Avg(3)","tc_e_Avg(4)","tc_e_Avg(5)","tc_e_Avg(6)","tc_e_Avg(7)","tc_e_Avg(8)","tc_e_Avg(9)","tc_e_Avg(10)","tc_e_Avg(11)","tc_e_Avg(12)","voltage_Min"
"TS","RN","","","","","","","","","","","","","","","","","","","","","","","","","","","","","","","","","","","","",""
"","","Avg","Avg","Avg","Avg","Avg","Avg","Avg","Avg","Avg","Avg","Avg","Avg","Avg","Avg","Avg","Avg","Avg","Avg","Avg","Avg","Avg","Avg","Avg","Avg","Avg","Avg","Avg","Avg","Avg","Avg","Avg","Avg","Avg","Avg","Avg","Avg","Min"
"2013-12-12 18:00:00",84,20.5,20.23,19.86,23.59,22.36,21.28,23.83,23.03,24.92,24.24,24.08,24.44,0.099,0.093,0.085,0.175,0.143,0.117,0.181,0.16,0.211,0.192,0.188,0.198,26.18,26.17,25.11,25.09,24.8,24.69,24.62,24.66,"NAN","NAN","NAN","NAN",12.54
"2013-12-13 00:00:00",85,20.47,20.23,19.84,23.57,22.36,21.28,23.84,23.03,24.91,24.24,24.08,24.4,0.098,0.093,0.084,0.174,0.143,0.117,0.181,0.16,0.211,0.192,0.188,0.197,22.91,25.1,25.27,25.1,24.8,24.67,24.61,24.64,"NAN","NAN","NAN","NAN",12.53
"2013-12-13 06:00:00",86,20.66,20.23,19.85,23.57,22.35,21.29,23.86,23.03,24.92,24.24,24.07,24.36,0.102,0.093,0.084,0.174,0.143,0.117,0.182,0.16,0.211,0.192,0.188,0.196,22.22,24.4,25.22,25.09,24.79,24.65,24.59,24.62,"NAN","NAN","NAN","NAN",12.53
"2013-12-13 12:00:00",87,20.59,20.23,19.84,23.56,22.35,21.28,23.86,23.03,24.92,24.24,24.05,24.28,0.101,0.093,0.084,0.174,0.143,0.117,0.182,0.16,0.211,0.192,0.187,0.193,24.25,24.36,25.04,25.06,24.75,24.59,24.6,24.61,"NAN","NAN","NAN","NAN",12.52
"2013-12-13 18:00:00",88,20.52,20.18,19.82,23.54,22.35,21.28,23.87,23.03,24.91,24.24,24.05,24.22,0.099,0.092,0.084,0.173,0.143,0.117,0.182,0.16,0.211,0.192,0.187,0.192,25.69,25.64,24.95,25.08,24.79,24.65,24.59,24.61,"NAN","NAN","NAN","NAN",12.52
"2013-12-14 00:00:00",89,21.09,20.17,19.82,23.53,22.35,21.29,23.88,23.04,24.92,24.24,24.05,24.18,0.112,0.091,0.084,0.173,0.143,0.117,0.182,0.16,0.211,0.192,0.187,0.191,22.35,24.69,25.06,25.08,24.8,24.65,24.59,24.61,"NAN","NAN","NAN","NAN",12.52
"2013-12-14 06:00:00",90,21.23,20.17,19.81,23.53,22.35,21.28,23.89,23.04,24.91,24.24,24.05,24.14,0.116,0.091,0.084,0.173,0.142,0.117,0.183,0.16,0.211,0.192,0.187,0.189,21.94,23.99,25,25.06,24.8,24.65,24.59,24.61,"NAN","NAN","NAN","NAN",12.52
"2013-12-14 12:00:00",91,24.08,22.68,19.82,23.53,22.34,21.28,23.9,23.04,24.9,24.24,24.05,24.15,0.188,0.151,0.084,0.173,0.142,0.117,0.183,0.16,0.211,0.192,0.187,0.19,22.49,23.42,24.78,25.04,24.77,24.62,24.59,24.6,"NAN","NAN","NAN","NAN",12.52
"2013-12-14 18:00:00",92,22.9,22.14,19.98,23.57,22.34,21.28,23.91,23.04,24.91,24.24,24.05,24.17,0.157,0.137,0.087,0.174,0.142,0.117,0.183,0.16,0.211,0.192,0.187,0.19,27.21,24.96,24.53,24.98,24.75,24.58,24.59,24.59,"NAN","NAN","NAN","NAN",12.52
"2013-12-15 00:00:00",93,22.46,21.79,20.45,23.83,22.34,21.28,23.92,23.04,24.91,24.24,24.05,24.18,0.145,0.129,0.098,0.181,0.142,0.117,0.184,0.16,0.211,0.192,0.187,0.191,23.39,24.82,24.65,24.98,24.82,24.66,24.59,24.62,"NAN","NAN","NAN","NAN",12.51
"2013-12-15 06:00:00",94,23.79,22.5,20.7,24.07,22.33,21.28,23.93,23.04,24.91,24.24,24.05,24.19,0.18,0.146,0.103,0.188,0.142,0.117,0.184,0.16,0.211,0.192,0.187,0.191,21.94,23.92,24.72,24.94,24.81,24.66,24.59,24.62,"NAN","NAN","NAN","NAN",12.5
"2013-12-15 12:00:00",95,22.88,22.09,21.05,24.43,22.33,21.29,23.94,23.04,24.92,24.24,24.05,24.2,0.156,0.136,0.111,0.198,0.142,0.117,0.184,0.16,0.211,0.192,0.187,0.191,24.14,23.93,24.58,24.86,24.76,24.59,24.59,24.6,"NAN","NAN","NAN","NAN",12.5
"2013-12-15 18:00:00",96,23.32,22.17,21.01,24.69,22.32,21.28,23.96,23.04,24.91,24.24,24.05,24.2,0.168,0.138,0.11,0.205,0.142,0.117,0.184,0.16,0.211,0.192,0.187,0.191,26.51,25.46,24.52,24.85,24.78,24.63,24.58,24.6,"NAN","NAN","NAN","NAN",12.51
"2013-12-16 00:00:00",97,23.14,22.3,21.35,24.92,22.32,21.29,23.96,23.04,24.91,24.24,24.04,24.21,0.163,0.141,0.118,0.211,0.142,0.117,0.185,0.16,0.211,0.192,0.187,0.192,23.61,24.92,24.74,24.86,24.83,24.68,24.6,24.62,"NAN","NAN","NAN","NAN",12.5
"2013-12-16 06:00:00",98,22.68,21.89,21.24,25.15,22.31,21.29,23.97,23.04,24.91,24.24,24,24.22,0.151,0.131,0.116,0.218,0.142,0.117,0.185,0.16,0.211,0.192,0.186,0.192,22.5,24.29,24.81,24.85,24.83,24.68,24.6,24.63,"NAN","NAN","NAN","NAN",12.5
"2013-12-16 12:00:00",99,22.44,21.69,21.08,25.1,22.31,21.29,23.99,23.04,24.91,24.24,23.95,24.23,0.145,0.126,0.112,0.216,0.142,0.117,0.185,0.16,0.211,0.192,0.184,0.192,24.57,24.3,24.71,24.82,24.78,24.61,24.6,24.61,"NAN","NAN","NAN","NAN",12.5
"2013-12-16 18:00:00",100,22.48,21.54,20.96,25,22.31,21.29,23.99,23.04,24.91,24.24,23.95,24.24,0.146,0.123,0.109,0.214,0.142,0.117,0.186,0.16,0.211,0.192,0.184,0.192,26.26,25.58,24.7,24.85,24.82,24.69,24.61,24.63,"NAN","NAN","NAN","NAN",12.5
"2013-12-17 00:00:00",101,22.56,21.5,20.87,24.92,22.32,21.29,24.01,23.04,24.91,24.24,23.94,24.24,0.148,0.122,0.107,0.211,0.142,0.117,0.186,0.16,0.211,0.192,0.184,0.192,23.06,24.91,24.84,24.85,24.82,24.67,24.59,24.62,"NAN","NAN","NAN","NAN",12.49
"2013-12-17 06:00:00",102,22.41,21.5,20.8,24.83,22.33,21.29,24.03,23.04,24.91,24.24,23.93,24.25,0.144,0.122,0.105,0.209,0.142,0.117,0.186,0.16,0.211,0.192,0.184,0.192,22.86,24.34,24.89,24.88,24.84,24.69,24.61,24.63,"NAN","NAN","NAN","NAN",12.49
"2013-12-17 12:00:00",103,22.28,21.46,20.75,24.77,22.36,21.29,24.03,23.04,24.91,24.23,23.92,24.25,0.141,0.121,0.104,0.207,0.143,0.117,0.187,0.16,0.211,0.192,0.184,0.193,24.04,24.32,24.79,24.85,24.79,24.63,24.59,24.61,"NAN","NAN","NAN","NAN",12.49
"2013-12-17 18:00:00",104,22.08,21.39,20.7,24.7,22.4,21.29,24.05,23.04,24.91,24.22,23.91,24.25,0.136,0.119,0.103,0.205,0.144,0.117,0.187,0.16,0.211,0.192,0.183,0.192,27.27,25.42,24.72,24.85,24.79,24.63,24.6,24.61,"NAN","NAN","NAN","NAN",12.49
"2013-12-18 00:00:00",105,21.94,21.31,20.65,24.64,22.46,21.29,24.06,23.04,24.91,24.22,23.91,24.24,0.132,0.117,0.102,0.204,0.145,0.117,0.187,0.16,0.211,0.192,0.183,0.192,24.77,25.5,24.89,24.89,24.85,24.71,24.62,24.64,"NAN","NAN","NAN","NAN",12.49
"2013-12-18 06:00:00",106,23.5,22.36,21.02,24.69,22.5,21.29,24.07,23.04,24.9,24.23,23.91,24.24,0.173,0.143,0.111,0.205,0.146,0.117,0.188,0.16,0.211,0.192,0.183,0.192,21.89,24.35,24.98,24.88,24.82,24.68,24.61,24.62,"NAN","NAN","NAN","NAN",12.48
"2013-12-18 12:00:00",107,23.23,22.17,21.48,25.23,22.56,21.29,24.08,23.04,24.9,24.22,23.91,24.25,0.165,0.138,0.121,0.22,0.148,0.117,0.188,0.16,0.211,0.192,0.183,0.192,23.68,24.01,24.82,24.85,24.78,24.62,24.6,24.61,"NAN","NAN","NAN","NAN",12.48
"2013-12-18 18:00:00",108,23.12,21.95,21.25,25.26,22.62,21.3,24.1,23.05,24.91,24.22,23.9,24.25,0.162,0.133,0.116,0.221,0.149,0.117,0.188,0.16,0.211,0.192,0.183,0.193,25.77,25.34,24.7,24.87,24.8,24.66,24.61,24.62,"NAN","NAN","NAN","NAN",12.49
"2013-12-19 00:00:00",109,23.2,22.13,21.16,25.17,22.67,21.31,24.11,23.05,24.9,24.22,23.9,24.25,0.164,0.137,0.114,0.219,0.151,0.117,0.189,0.16,0.211,0.192,0.183,0.193,23.18,24.86,24.8,24.86,24.82,24.68,24.6,24.62,"NAN","NAN","NAN","NAN",12.48
"2013-12-19 06:00:00",110,22.75,21.86,21.1,25.12,22.74,21.31,24.12,23.05,24.9,24.22,23.91,24.26,0.153,0.131,0.113,0.217,0.153,0.117,0.189,0.16,0.211,0.192,0.183,0.193,22.71,24.32,24.82,24.84,24.81,24.67,24.6,24.62,"NAN","NAN","NAN","NAN",12.48
"2013-12-19 12:00:00",111,22.64,21.71,21.01,25.05,22.85,21.31,24.14,23.06,24.9,24.22,23.91,24.25,0.15,0.127,0.11,0.215,0.155,0.117,0.189,0.161,0.211,0.192,0.183,0.193,22.91,24.06,24.74,24.83,24.8,24.65,24.6,24.61,"NAN","NAN","NAN","NAN",12.48
