"TOA5","CR1000_M8","CR1000","62270","CR1000.Std.27","CPU:cs616TC_6hr.CR1","12282","avarages"
"TIMESTAMP","RECORD","PA_uS_Avg(1)","PA_uS_Avg(2)","PA_uS_Avg(3)","PA_uS_Avg(4)","PA_uS_Avg(5)","PA_uS_Avg(6)","PA_uS_Avg(7)","PA_uS_Avg(8)","PA_uS_Avg(9)","PA_uS_Avg(10)","PA_uS_Avg(11)","PA_uS_Avg(12)","VW_Avg(1)","VW_Avg(2)","VW_Avg(3)","VW_Avg(4)","VW_Avg(5)","VW_Avg(6)","VW_Avg(7)","VW_Avg(8)","VW_Avg(9)","VW_Avg(10)","VW_Avg(11)","VW_Avg(12)","tc_e_Avg(1)","tc_e_Avg(2)","tc_e_Avg(3)","tc_e_Avg(4)","tc_e_Avg(5)","tc_e_Avg(6)","tc_e_Avg(7)","tc_e_Avg(8)","tc_e_Avg(9)","tc_e_Avg(10)","tc_e_Avg(11)","tc_e_Avg(12)","voltage_Min"
"TS","RN","","","","","","","","","","","","","","","","","","","","","","","","","","","","","","","","","","","","",""
"","","Avg","Avg","Avg","Avg","Avg","Avg","Avg","Avg","Avg","Avg","Avg","Avg","Avg","Avg","Avg","Avg","Avg","Avg","Avg","Avg","Avg","Avg","Avg","Avg","Avg","Avg","Avg","Avg","Avg","Avg","Avg","Avg","Avg","Avg","Avg","Avg","Min"
"2014-02-21 12:00:00",56,22.52,21.63,20.82,24.67,23.47,22.34,26.34,24.99,26.56,25.64,25.32,25.28,0.147,0.125,0.106,0.204,0.171,0.142,0.253,0.213,0.26,0.232,0.223,0.222,23.76,24.07,24.22,24.17,24.38,24.47,24.5,24.52,"NAN","NAN","NAN","NAN",12.7
"2014-02-21 18:00:00",57,23.92,21.98,20.77,24.62,23.42,22.34,26.35,25.08,26.58,25.64,25.33,25.29,0.184,0.134,0.105,0.203,0.17,0.142,0.254,0.216,0.261,0.232,0.223,0.222,23.12,24.32,24.19,24.19,24.4,24.5,24.51,24.52,"NAN","NAN","NAN","NAN",12.71
"2014-02-22 00:00:00",58,24.38,23.02,21.55,24.69,23.38,22.33,26.35,25.16,26.6,25.65,25.33,25.3,0.196,0.16,0.123,0.205,0.169,0.142,0.254,0.218,0.261,0.233,0.223,0.222,21.46,23.59,24.23,24.24,24.43,24.52,24.53,24.55,"NAN","NAN","NAN","NAN",12.7
"2014-02-22 06:00:00",59,23.37,22.36,21.72,25.26,23.34,22.32,26.35,25.22,26.65,25.65,25.33,25.3,0.169,0.143,0.127,0.221,0.168,0.142,0.254,0.22,0.263,0.233,0.223,0.222,20.92,23.04,24.14,24.25,24.43,24.52,24.53,24.55,"NAN","NAN","NAN","NAN",12.7
"2014-02-22 12:00:00",60,23.04,22.09,21.45,25.28,23.3,22.31,26.34,25.25,26.71,25.65,25.34,25.31,0.16,0.136,0.121,0.222,0.167,0.141,0.253,0.221,0.265,0.233,0.223,0.223,22.37,23.06,23.95,24.22,24.39,24.48,24.52,24.53,"NAN","NAN","NAN","NAN",12.7
"2014-02-22 18:00:00",61,22.92,21.93,21.26,25.16,23.3,22.29,26.34,25.27,26.8,25.66,25.34,25.32,0.157,0.132,0.116,0.218,0.167,0.141,0.253,0.222,0.268,0.233,0.223,0.223,25,24.44,23.8,24.15,24.33,24.44,24.47,24.48,"NAN","NAN","NAN","NAN",12.7
"2014-02-23 00:00:00",62,22.76,21.83,21.12,25.04,23.33,22.28,26.32,25.28,26.89,25.67,25.35,25.34,0.153,0.13,0.113,0.215,0.168,0.141,0.253,0.222,0.27,0.233,0.224,0.223,22.55,24.2,23.98,24.18,24.4,24.51,24.51,24.53,"NAN","NAN","NAN","NAN",12.7
"2014-02-23 06:00:00",63,22.64,21.76,21.02,24.93,23.35,22.26,26.31,25.27,26.97,25.68,25.35,25.33,0.15,0.128,0.11,0.212,0.168,0.14,0.252,0.221,0.273,0.234,0.224,0.223,21.56,23.42,24.07,24.18,24.41,24.52,24.53,24.55,"NAN","NAN","NAN","NAN",12.7
"2014-02-23 12:00:00",64,22.51,21.69,20.94,24.85,23.36,22.26,26.3,25.28,27.01,25.71,25.36,25.34,0.146,0.126,0.109,0.209,0.168,0.14,0.252,0.222,0.274,0.234,0.224,0.223,23.89,23.52,23.95,24.14,24.34,24.44,24.51,24.52,"NAN","NAN","NAN","NAN",12.69
"2014-02-23 18:00:00",65,22.25,21.59,20.86,24.76,23.36,22.26,26.28,25.28,27.05,25.75,25.36,25.35,0.14,0.124,0.107,0.207,0.168,0.14,0.252,0.222,0.275,0.236,0.224,0.224,27.84,25.5,23.86,24.05,24.27,24.38,24.43,24.45,"NAN","NAN","NAN","NAN",12.7
"2014-02-24 00:00:00",66,22.12,21.51,20.8,24.68,23.33,22.24,26.27,25.26,27.06,25.83,25.37,25.36,0.137,0.122,0.106,0.205,0.168,0.14,0.251,0.221,0.276,0.238,0.224,0.224,23.5,25.01,24.21,24.13,24.36,24.48,24.49,24.51,"NAN","NAN","NAN","NAN",12.69
"2014-02-24 06:00:00",67,22.08,21.46,20.76,24.61,23.31,22.24,26.27,25.25,27.06,25.94,25.37,25.37,0.136,0.121,0.105,0.203,0.167,0.14,0.251,0.221,0.276,0.241,0.224,0.224,22.41,24.18,24.37,24.16,24.37,24.49,24.51,24.53,"NAN","NAN","NAN","NAN",12.69
"2014-02-24 12:00:00",68,22.03,21.41,20.71,24.55,23.28,22.24,26.26,25.24,27.06,26.04,25.39,25.37,0.135,0.12,0.104,0.201,0.167,0.14,0.251,0.221,0.276,0.244,0.225,0.224,24.79,24.28,24.3,24.15,24.33,24.44,24.5,24.52,"NAN","NAN","NAN","NAN",12.69
"2014-02-24 18:00:00",69,24.12,22.87,21.62,24.87,23.25,22.24,26.25,25.24,27.06,26.11,25.42,25.38,0.189,0.156,0.125,0.21,0.166,0.14,0.251,0.221,0.276,0.247,0.226,0.225,21.99,24.17,24.33,24.22,24.39,24.5,24.53,24.54,"NAN","NAN","NAN","NAN",12.69
"2014-02-25 00:00:00",70,23.5,22.45,21.66,25.29,23.23,22.23,26.25,25.23,27.05,26.16,25.46,25.39,0.172,0.145,0.126,0.222,0.165,0.14,0.251,0.22,0.275,0.248,0.227,0.225,21.6,23.5,24.3,24.25,24.39,24.51,24.53,24.55,"NAN","NAN","NAN","NAN",12.69
"2014-02-25 06:00:00",71,23.12,22.16,21.45,25.25,23.22,22.22,26.24,25.23,27.05,26.19,25.52,25.4,0.162,0.138,0.121,0.221,0.165,0.139,0.25,0.22,0.276,0.249,0.229,0.225,20.56,23.03,24.17,24.27,24.39,24.52,24.54,24.56,"NAN","NAN","NAN","NAN",12.69
"2014-02-25 12:00:00",72,22.88,21.99,21.27,25.15,23.25,22.21,26.24,25.22,27.05,26.21,25.61,25.4,0.156,0.134,0.116,0.218,0.165,0.139,0.25,0.22,0.275,0.249,0.231,0.225,22.49,22.95,23.95,24.22,24.34,24.45,24.52,24.54,"NAN","NAN","NAN","NAN",12.68
"2014-02-25 18:00:00",73,22.57,21.84,21.12,25.04,23.3,22.21,26.23,25.22,27.05,26.22,25.7,25.42,0.148,0.13,0.113,0.215,0.167,0.139,0.25,0.22,0.275,0.25,0.234,0.226,28.01,25.1,23.76,24.1,24.23,24.38,24.43,24.44,"NAN","NAN","NAN","NAN",12.69
"2014-02-26 00:00:00",74,22.39,21.72,21.01,24.93,23.34,22.2,26.22,25.21,27.03,26.22,25.78,25.43,0.144,0.127,0.11,0.212,0.168,0.139,0.25,0.22,0.275,0.25,0.237,0.226,22.93,24.59,24.09,24.18,24.35,24.48,24.5,24.52,"NAN","NAN","NAN","NAN",12.69
"2014-02-26 06:00:00",75,22.3,21.64,20.93,24.84,23.36,22.21,26.21,25.21,27.03,26.22,25.86,25.44,0.141,0.125,0.108,0.209,0.168,0.139,0.249,0.22,0.275,0.25,0.239,0.227,21.6,23.64,24.22,24.19,24.36,24.49,24.52,24.54,"NAN","NAN","NAN","NAN",12.69
"2014-02-26 12:00:00",76,22.19,21.56,20.86,24.75,23.35,22.21,26.2,25.2,27.02,26.22,25.91,25.47,0.139,0.123,0.107,0.207,0.168,0.139,0.249,0.219,0.275,0.25,0.24,0.227,24.51,23.58,24.08,24.13,24.28,24.39,24.5,24.51,"NAN","NAN","NAN","NAN",12.68
"2014-02-26 18:00:00",77,21.92,21.45,20.78,24.67,23.34,22.22,26.2,25.2,27.02,26.22,25.95,25.5,0.132,0.121,0.105,0.204,0.168,0.139,0.249,0.219,0.274,0.25,0.242,0.228,30.17,25.66,23.96,24.03,24.19,24.31,24.38,24.39,"NAN","NAN","NAN","NAN",12.69
"2014-02-27 00:00:00",78,21.79,21.37,20.72,24.59,23.32,22.23,26.21,25.19,27.01,26.22,25.98,25.55,0.129,0.119,0.104,0.202,0.167,0.14,0.249,0.219,0.274,0.25,0.242,0.23,24.52,25.31,24.36,24.18,24.34,24.48,24.48,24.51,"NAN","NAN","NAN","NAN",12.69
"2014-02-27 06:00:00",79,21.75,21.32,20.68,24.53,23.29,22.23,26.22,25.19,27.02,26.22,26,25.62,0.128,0.118,0.103,0.2,0.167,0.14,0.25,0.219,0.274,0.25,0.243,0.232,22.28,24.29,24.52,24.2,24.35,24.47,24.5,24.52,"NAN","NAN","NAN","NAN",12.68
"2014-02-27 12:00:00",80,21.7,21.27,20.64,24.47,23.26,22.23,26.22,25.19,27,26.2,26.01,25.7,0.127,0.116,0.102,0.199,0.166,0.14,0.25,0.219,0.274,0.249,0.243,0.234,24.68,23.93,24.38,24.14,24.25,24.34,24.49,24.51,"NAN","NAN","NAN","NAN",12.68
