"TOA5","CR1000_Mutum","CR1000","38182","CR1000.Std.21","CPU:MUTUMcs616TCcal_6hr.CR1","40663","avarages"
"TIMESTAMP","RECORD","PA_uS_Avg(1)","PA_uS_Avg(2)","PA_uS_Avg(3)","PA_uS_Avg(4)","PA_uS_Avg(5)","PA_uS_Avg(6)","PA_uS_Avg(7)","PA_uS_Avg(8)","PA_uS_Avg(9)","PA_uS_Avg(10)","PA_uS_Avg(11)","PA_uS_Avg(12)","VW_Avg(1)","VW_Avg(2)","VW_Avg(3)","VW_Avg(4)","VW_Avg(5)","VW_Avg(6)","VW_Avg(7)","VW_Avg(8)","VW_Avg(9)","VW_Avg(10)","VW_Avg(11)","VW_Avg(12)","tc_e_Avg(1)","tc_e_Avg(2)","tc_e_Avg(3)","tc_e_Avg(4)","tc_e_Avg(5)","tc_e_Avg(6)","tc_e_Avg(7)","tc_e_Avg(8)","tc_e_Avg(9)","tc_e_Avg(10)","tc_e_Avg(11)","tc_e_Avg(12)","voltage_Min"
"TS","RN","","","","","","","","","","","","","","","","","","","","","","","","","","","","","","","","","","","","",""
"","","Avg","Avg","Avg","Avg","Avg","Avg","Avg","Avg","Avg","Avg","Avg","Avg","Avg","Avg","Avg","Avg","Avg","Avg","Avg","Avg","Avg","Avg","Avg","Avg","Avg","Avg","Avg","Avg","Avg","Avg","Avg","Avg","Avg","Avg","Avg","Avg","Min"
"2013-11-21 12:00:00",0,23.17,24.11,23.06,21.95,22.38,24.4,28.25,26.42,26.33,26.31,26.49,26.81,0.28,0.302,0.277,0.247,0.259,0.308,0.367,0.345,0.343,0.343,0.346,0.35,"NAN",33.44,33.03,32.12,32.89,33.29,33.48,32.13,"NAN","NAN","NAN","NAN",13.78
"2013-11-21 18:00:00",1,23.12,24.04,23.01,21.93,22.37,24.4,28.24,26.41,26.31,26.32,26.49,26.81,0.279,0.3,0.276,0.247,0.259,0.308,0.367,0.344,0.343,0.343,0.346,0.35,"NAN",29.1,28.9,28.57,28.93,28.94,29.06,28.68,"NAN","NAN","NAN","NAN",13.81
"2013-11-22 00:00:00",2,23.1,24.04,23,21.92,22.36,24.39,28.24,26.4,26.32,26.34,26.51,26.81,0.278,0.3,0.276,0.247,0.259,0.308,0.367,0.344,0.343,0.343,0.346,0.35,"NAN",25.04,25.2,25.36,25.57,25.27,25.55,25.5,"NAN","NAN","NAN","NAN",12.9
"2013-11-22 06:00:00",3,23.1,24.04,23.01,21.91,22.37,24.38,28.23,26.4,26.31,26.35,26.52,26.82,0.278,0.3,0.276,0.246,0.259,0.308,0.367,0.344,0.343,0.343,0.346,0.35,"NAN",23.83,23.97,24.22,24.38,24.01,24.26,24.33,"NAN","NAN","NAN","NAN",12.76
"2013-11-22 12:00:00",4,23.08,23.98,22.98,21.9,22.35,24.37,28.23,26.4,26.3,26.35,26.53,26.82,0.278,0.299,0.275,0.246,0.259,0.308,0.367,0.344,0.343,0.343,0.346,0.35,"NAN",29.27,28.5,28.23,28.04,28.07,27.87,27.91,"NAN","NAN","NAN","NAN",13.75
"2013-11-22 18:00:00",5,22.94,23.79,22.85,21.87,22.35,24.37,28.21,26.39,26.29,26.36,26.55,26.81,0.274,0.295,0.272,0.245,0.258,0.307,0.367,0.344,0.343,0.344,0.347,0.35,"NAN",32.55,31.95,31.57,31.9,31.8,31.98,31.5,"NAN","NAN","NAN","NAN",13.6
"2013-11-23 00:00:00",6,22.89,23.76,22.82,21.85,22.33,24.37,28.2,26.38,26.29,26.37,26.56,26.81,0.273,0.294,0.271,0.245,0.258,0.307,0.367,0.344,0.343,0.344,0.347,0.35,"NAN",25.77,25.82,25.99,26.17,25.85,26.13,26.1,"NAN","NAN","NAN","NAN",12.9
"2013-11-23 06:00:00",7,22.89,23.77,22.83,21.84,22.33,24.36,28.2,26.37,26.29,26.37,26.58,26.82,0.273,0.294,0.271,0.244,0.258,0.307,0.367,0.344,0.343,0.344,0.347,0.35,"NAN",24.91,24.95,25.15,25.25,24.95,25.15,25.2,"NAN","NAN","NAN","NAN",12.74
"2013-11-23 12:00:00",8,23.87,24.3,22.82,21.83,22.33,24.35,28.19,26.37,26.28,26.38,26.6,26.83,0.289,0.304,0.271,0.244,0.258,0.307,0.367,0.344,0.342,0.344,0.347,0.35,"NAN",26.76,26.45,26.35,26.39,26.28,26.36,26.26,"NAN","NAN","NAN","NAN",13.84
"2013-11-23 18:00:00",9,27.95,28.25,24.76,21.83,22.32,24.34,28.18,26.38,26.27,26.38,26.62,26.83,0.364,0.367,0.314,0.244,0.258,0.307,0.366,0.344,0.342,0.344,0.348,0.35,"NAN",23.92,24.04,24.15,24.32,24.13,24.27,24.27,"NAN","NAN","NAN","NAN",13.31
"2013-11-24 00:00:00",10,27.01,27.62,25.51,21.87,22.31,24.34,28.17,26.38,26.26,26.38,26.63,26.83,0.353,0.36,0.33,0.245,0.257,0.307,0.366,0.344,0.342,0.344,0.348,0.351,"NAN",24.13,24.19,24.34,24.43,24.2,24.35,24.42,"NAN","NAN","NAN","NAN",12.9
"2013-11-24 06:00:00",11,26.68,27.31,25.43,21.92,22.3,24.33,28.16,26.38,26.26,26.38,26.66,26.84,0.348,0.357,0.328,0.246,0.257,0.307,0.366,0.344,0.342,0.344,0.348,0.351,"NAN",23.61,23.76,23.96,24.05,23.77,23.98,24.05,"NAN","NAN","NAN","NAN",12.75
"2013-11-24 12:00:00",12,26.49,27.13,25.33,21.98,22.3,24.32,28.15,26.37,26.26,26.39,26.67,26.84,0.346,0.354,0.326,0.248,0.257,0.306,0.366,0.344,0.342,0.344,0.348,0.351,"NAN",25.29,24.99,24.96,24.89,24.81,24.8,24.86,"NAN","NAN","NAN","NAN",13.17
"2013-11-24 18:00:00",13,26.3,26.97,25.24,22.06,22.29,24.32,28.15,26.36,26.25,26.39,26.69,26.85,0.343,0.352,0.325,0.25,0.257,0.306,0.366,0.344,0.342,0.344,0.349,0.351,"NAN",28.76,28.16,27.86,27.88,27.91,27.88,27.64,"NAN","NAN","NAN","NAN",13.69
"2013-11-25 00:00:00",14,26.18,26.85,25.17,22.12,22.29,24.31,28.15,26.36,26.25,26.39,26.7,26.85,0.341,0.351,0.323,0.252,0.257,0.306,0.366,0.344,0.342,0.344,0.349,0.351,"NAN",25.04,25.06,25.2,25.31,25.09,25.32,25.28,"NAN","NAN","NAN","NAN",12.9
"2013-11-25 06:00:00",15,26.1,26.77,25.11,22.19,22.28,24.3,28.13,26.35,26.24,26.39,26.72,26.85,0.34,0.35,0.322,0.254,0.257,0.306,0.366,0.344,0.342,0.344,0.349,0.351,"NAN",24.08,24.11,24.32,24.39,24.1,24.31,24.37,"NAN","NAN","NAN","NAN",12.75
"2013-11-25 12:00:00",16,26.05,26.69,25.06,22.25,22.28,24.28,28.11,26.34,26.23,26.39,26.74,26.86,0.339,0.349,0.321,0.256,0.257,0.306,0.366,0.343,0.342,0.344,0.349,0.351,"NAN",25.5,25.24,25.2,25.18,25.1,25.1,25.13,"NAN","NAN","NAN","NAN",13.52
"2013-11-25 18:00:00",17,27.06,27.15,25.07,22.3,22.27,24.28,28.11,26.34,26.22,26.39,26.76,26.87,0.353,0.355,0.322,0.257,0.256,0.305,0.366,0.343,0.342,0.344,0.35,0.351,"NAN",23.91,24.14,24.21,24.37,24.25,24.39,24.37,"NAN","NAN","NAN","NAN",13.92
"2013-11-26 00:00:00",18,27.01,27.45,25.43,22.34,22.26,24.27,28.11,26.33,26.22,26.39,26.78,26.87,0.353,0.358,0.328,0.258,0.256,0.305,0.366,0.343,0.341,0.344,0.35,0.351,"NAN",23.43,23.5,23.66,23.8,23.55,23.71,23.75,"NAN","NAN","NAN","NAN",12.91
"2013-11-26 06:00:00",19,26.72,27.3,25.48,22.38,22.26,24.27,28.1,26.33,26.22,26.39,26.8,26.88,0.349,0.357,0.329,0.259,0.256,0.305,0.366,0.343,0.341,0.344,0.35,0.351,"NAN",23.44,23.51,23.63,23.75,23.53,23.67,23.72,"NAN","NAN","NAN","NAN",12.77
"2013-11-26 12:00:00",20,26.54,27.19,25.43,22.45,22.26,24.26,28.09,26.33,26.21,26.39,26.8,26.88,0.346,0.355,0.328,0.261,0.256,0.305,0.366,0.343,0.341,0.344,0.35,0.351,"NAN",28.22,27.46,27.04,26.93,27.08,26.85,26.71,"NAN","NAN","NAN","NAN",13.84
"2013-11-26 18:00:00",21,26.33,27.07,25.35,22.55,22.26,24.26,28.09,26.32,26.2,26.39,26.82,26.88,0.343,0.354,0.327,0.264,0.256,0.305,0.366,0.343,0.341,0.344,0.35,0.351,"NAN",31.09,30.27,29.86,29.89,29.98,29.95,29.6,"NAN","NAN","NAN","NAN",13.73
"2013-11-27 00:00:00",22,26.2,26.97,25.29,22.64,22.27,24.25,28.08,26.31,26.2,26.39,26.84,26.89,0.341,0.352,0.326,0.266,0.256,0.305,0.365,0.343,0.341,0.344,0.351,0.351,"NAN",25.48,25.53,25.65,25.8,25.57,25.82,25.75,"NAN","NAN","NAN","NAN",12.9
"2013-11-27 06:00:00",23,26.11,26.88,25.23,22.71,22.26,24.25,28.07,26.31,26.19,26.38,26.86,26.9,0.34,0.351,0.325,0.268,0.256,0.305,0.365,0.343,0.341,0.344,0.351,0.351,"NAN",24.39,24.48,24.66,24.75,24.49,24.67,24.71,"NAN","NAN","NAN","NAN",12.73
"2013-11-27 12:00:00",24,26.03,26.8,25.17,22.75,22.26,24.24,28.07,26.3,26.19,26.38,26.87,26.91,0.339,0.35,0.323,0.269,0.256,0.305,0.365,0.343,0.341,0.344,0.351,0.352,"NAN",27.98,27.3,27.13,26.93,26.93,26.8,26.84,"NAN","NAN","NAN","NAN",13.81
"2013-11-27 18:00:00",25,26.26,26.72,25.11,22.77,22.26,24.24,28.06,26.3,26.18,26.38,26.89,26.92,0.342,0.349,0.322,0.27,0.256,0.305,0.365,0.343,0.341,0.344,0.351,0.352,"NAN",28.11,27.86,27.59,27.82,27.8,27.98,27.57,"NAN","NAN","NAN","NAN",13.8
"2013-11-28 00:00:00",26,26.72,26.84,25.11,22.78,22.26,24.24,28.06,26.3,26.17,26.38,26.9,26.92,0.349,0.351,0.322,0.27,0.256,0.305,0.365,0.343,0.341,0.344,0.351,0.352,"NAN",23.9,24.07,24.24,24.32,24.13,24.31,24.3,"NAN","NAN","NAN","NAN",12.91
"2013-11-28 06:00:00",27,26.5,26.9,25.17,22.78,22.26,24.23,28.06,26.29,26.16,26.38,26.91,26.92,0.346,0.351,0.323,0.27,0.256,0.304,0.365,0.343,0.341,0.344,0.352,0.352,"NAN",23.04,23.26,23.38,23.64,23.37,23.54,23.53,"NAN","NAN","NAN","NAN",12.74
"2013-11-28 12:00:00",28,26.35,26.87,25.18,22.79,22.27,24.24,28.06,26.28,26.15,26.38,26.92,26.93,0.343,0.351,0.324,0.27,0.256,0.305,0.365,0.343,0.34,0.344,0.352,0.352,"NAN",26.27,25.82,25.71,25.56,25.53,25.43,25.47,"NAN","NAN","NAN","NAN",13.06
"2013-11-28 18:00:00",29,26.19,26.81,25.15,22.81,22.28,24.23,28.05,26.27,26.15,26.38,26.93,26.94,0.341,0.35,0.323,0.271,0.257,0.304,0.365,0.342,0.34,0.344,0.352,0.352,"NAN",30.19,29.45,29.11,29.12,29.14,29.17,28.82,"NAN","NAN","NAN","NAN",13.75
"2013-11-29 00:00:00",30,26.07,26.76,25.12,22.82,22.28,24.22,28.05,26.27,26.15,26.38,26.94,26.95,0.339,0.35,0.322,0.271,0.257,0.304,0.365,0.342,0.34,0.344,0.352,0.352,"NAN",25.25,25.32,25.48,25.61,25.28,25.58,25.55,"NAN","NAN","NAN","NAN",12.9
"2013-11-29 06:00:00",31,26,26.71,25.08,22.82,22.29,24.22,28.04,26.27,26.15,26.37,26.95,26.95,0.338,0.349,0.322,0.271,0.257,0.304,0.365,0.342,0.34,0.344,0.352,0.352,"NAN",24.33,24.38,24.58,24.65,24.33,24.55,24.65,"NAN","NAN","NAN","NAN",12.76
"2013-11-29 12:00:00",32,25.94,26.65,25.04,22.82,22.3,24.22,28.04,26.27,26.14,26.37,26.97,26.96,0.337,0.348,0.321,0.271,0.257,0.304,0.365,0.342,0.34,0.344,0.352,0.352,"NAN",29.14,28.28,27.93,27.84,27.82,27.97,27.56,"NAN","NAN","NAN","NAN",13.78
"2013-11-29 18:00:00",33,25.83,26.58,24.99,22.82,22.31,24.22,28.04,26.26,26.14,26.38,26.97,26.97,0.335,0.347,0.32,0.271,0.257,0.304,0.365,0.342,0.34,0.344,0.352,0.352,"NAN",32.43,31.61,31.12,31.36,31.23,31.54,30.76,"NAN","NAN","NAN","NAN",13.43
"2013-11-30 00:00:00",34,25.75,26.52,24.95,22.81,22.32,24.21,28.02,26.26,26.12,26.38,26.98,26.98,0.334,0.346,0.319,0.271,0.258,0.304,0.365,0.342,0.34,0.344,0.353,0.353,"NAN",25.57,25.65,25.83,25.98,25.61,25.93,25.92,"NAN","NAN","NAN","NAN",12.9
"2013-11-30 06:00:00",35,25.86,26.46,24.91,22.8,22.33,24.21,28.02,26.25,26.12,26.37,26.98,26.99,0.336,0.345,0.318,0.271,0.258,0.304,0.365,0.342,0.34,0.344,0.353,0.353,"NAN",24.25,24.4,24.59,24.67,24.39,24.59,24.67,"NAN","NAN","NAN","NAN",12.72
"2013-11-30 12:00:00",36,27.28,26.76,24.92,22.79,22.34,24.21,28.02,26.25,26.12,26.38,27,26.99,0.356,0.349,0.319,0.27,0.258,0.304,0.365,0.342,0.34,0.344,0.353,0.353,"NAN",25.13,24.93,24.81,24.84,24.83,24.86,24.71,"NAN","NAN","NAN","NAN",12.92
"2013-11-30 18:00:00",37,26.85,27.09,25.15,22.78,22.35,24.21,28.01,26.24,26.12,26.37,27,27,0.351,0.354,0.323,0.27,0.258,0.304,0.365,0.342,0.34,0.344,0.353,0.353,"NAN",27.81,27.38,27.11,27.12,27.17,27.23,26.86,"NAN","NAN","NAN","NAN",13.88
"2013-12-01 00:00:00",38,26.58,27.03,25.26,22.78,22.35,24.21,28.02,26.24,26.11,26.37,27,27.01,0.347,0.353,0.325,0.27,0.259,0.304,0.365,0.342,0.34,0.344,0.353,0.353,"NAN",25.01,25.09,25.22,25.32,25.06,25.29,25.29,"NAN","NAN","NAN","NAN",12.91
"2013-12-01 06:00:00",39,26.42,26.95,25.26,22.81,22.36,24.21,28.01,26.24,26.11,26.36,27.01,27.02,0.345,0.352,0.325,0.271,0.259,0.304,0.365,0.342,0.34,0.344,0.353,0.353,"NAN",24.13,24.17,24.39,24.45,24.13,24.34,24.45,"NAN","NAN","NAN","NAN",12.77
"2013-12-01 12:00:00",40,26.3,26.88,25.22,22.84,22.37,24.21,28.01,26.24,26.11,26.35,27.02,27.02,0.343,0.351,0.324,0.271,0.259,0.304,0.365,0.342,0.34,0.344,0.353,0.353,"NAN",28.55,27.86,27.57,27.5,27.47,27.6,27.26,"NAN","NAN","NAN","NAN",13.75
"2013-12-01 18:00:00",41,26.51,26.86,25.17,22.88,22.38,24.22,28.01,26.23,26.1,26.35,27.03,27.03,0.346,0.351,0.323,0.272,0.259,0.304,0.365,0.342,0.34,0.344,0.353,0.353,"NAN",31.06,30.37,29.99,30.27,30.03,30.46,29.72,"NAN","NAN","NAN","NAN",13.43
"2013-12-02 00:00:00",42,26.93,27.17,25.26,22.9,22.39,24.21,28.01,26.22,26.09,26.35,27.03,27.05,0.352,0.355,0.325,0.273,0.26,0.304,0.365,0.342,0.339,0.344,0.353,0.353,"NAN",25.07,25.12,25.3,25.43,25.08,25.34,25.37,"NAN","NAN","NAN","NAN",12.89
"2013-12-02 06:00:00",43,26.65,27.07,25.32,22.92,22.39,24.22,27.99,26.22,26.09,26.35,27.03,27.06,0.348,0.354,0.326,0.273,0.26,0.304,0.365,0.341,0.339,0.344,0.353,0.354,"NAN",23.87,23.99,24.16,24.37,24.02,24.25,24.27,"NAN","NAN","NAN","NAN",12.74
"2013-12-02 12:00:00",44,26.46,26.98,25.29,22.94,22.4,24.22,27.99,26.22,26.08,26.34,27.04,27.06,0.345,0.353,0.326,0.274,0.26,0.304,0.365,0.341,0.339,0.343,0.353,0.354,"NAN",29.2,28.52,28.27,28.11,28.11,28.23,27.97,"NAN","NAN","NAN","NAN",13.76
"2013-12-02 18:00:00",45,26.36,26.91,25.24,22.97,22.41,24.22,27.99,26.21,26.08,26.34,27.03,27.07,0.344,0.352,0.325,0.275,0.26,0.304,0.365,0.341,0.339,0.343,0.353,0.354,"NAN",30.34,30.04,29.79,30.09,29.87,30.2,29.78,"NAN","NAN","NAN","NAN",13.49
"2013-12-03 00:00:00",46,26.26,26.86,25.2,22.98,22.41,24.22,27.99,26.2,26.07,26.35,27.03,27.08,0.342,0.351,0.324,0.275,0.26,0.304,0.365,0.341,0.339,0.343,0.353,0.354,"NAN",25.53,25.59,25.73,25.88,25.54,25.83,25.81,"NAN","NAN","NAN","NAN",12.9
"2013-12-03 06:00:00",47,26.17,26.79,25.16,22.98,22.42,24.22,27.99,26.2,26.07,26.35,27.04,27.08,0.341,0.35,0.323,0.275,0.26,0.304,0.365,0.341,0.339,0.343,0.353,0.354,"NAN",24.51,24.55,24.78,24.88,24.5,24.74,24.85,"NAN","NAN","NAN","NAN",12.73
"2013-12-03 12:00:00",48,26.1,26.74,25.11,22.98,22.43,24.23,27.98,26.2,26.06,26.34,27.05,27.09,0.34,0.349,0.322,0.275,0.261,0.305,0.364,0.341,0.339,0.343,0.353,0.354,"NAN",26.7,26.19,25.98,26.02,25.9,26.06,25.82,"NAN","NAN","NAN","NAN",13.04
"2013-12-03 18:00:00",49,27.12,27.2,25.16,22.97,22.44,24.23,27.99,26.2,26.06,26.34,27.05,27.1,0.352,0.355,0.323,0.275,0.261,0.305,0.364,0.341,0.339,0.343,0.353,0.354,"NAN",29.27,28.89,28.59,29.03,28.59,29.25,28.45,"NAN","NAN","NAN","NAN",13.29
"2013-12-04 00:00:00",50,27.37,28.02,26.26,22.98,22.45,24.24,27.98,26.21,26.05,26.34,27.06,27.11,0.357,0.365,0.342,0.275,0.261,0.305,0.364,0.341,0.339,0.343,0.354,0.354,"NAN",23.69,23.8,23.94,24.13,23.82,23.99,24.01,"NAN","NAN","NAN","NAN",12.91
"2013-12-04 06:00:00",51,26.87,27.6,26.05,23.24,22.47,24.23,27.98,26.2,26.06,26.34,27.06,27.12,0.351,0.36,0.339,0.282,0.262,0.305,0.364,0.341,0.339,0.343,0.354,0.354,"NAN",23.77,23.84,24.02,24.14,23.81,24.02,24.09,"NAN","NAN","NAN","NAN",12.77
"2013-12-04 12:00:00",52,26.62,27.36,25.85,23.55,22.47,24.24,27.98,26.2,26.06,26.34,27.06,27.12,0.348,0.357,0.336,0.289,0.262,0.305,0.364,0.341,0.339,0.343,0.354,0.354,"NAN",28.36,27.57,27.21,27.12,27.1,27.25,26.84,"NAN","NAN","NAN","NAN",13.79
"2013-12-04 18:00:00",53,26.39,27.19,25.69,23.59,22.48,24.24,27.98,26.19,26.04,26.33,27.06,27.13,0.344,0.355,0.333,0.29,0.262,0.305,0.364,0.341,0.339,0.343,0.354,0.354,"NAN",32.75,31.84,31.45,31.51,31.38,31.69,31.05,"NAN","NAN","NAN","NAN",13.51
"2013-12-05 00:00:00",54,26.23,27.03,25.55,23.56,22.5,24.24,27.98,26.19,26.04,26.33,27.06,27.14,0.342,0.353,0.33,0.289,0.262,0.305,0.364,0.341,0.339,0.343,0.354,0.355,"NAN",26.09,26.14,26.28,26.45,26.09,26.42,26.35,"NAN","NAN","NAN","NAN",12.9
"2013-12-05 06:00:00",55,26.14,26.9,25.43,23.52,22.51,24.25,27.98,26.18,26.03,26.33,27.06,27.15,0.34,0.351,0.328,0.288,0.263,0.305,0.364,0.341,0.338,0.343,0.354,0.355,"NAN",24.75,24.78,25.01,25.1,24.73,24.98,25.06,"NAN","NAN","NAN","NAN",12.75
"2013-12-05 12:00:00",56,26.06,26.81,25.32,23.46,22.54,24.26,27.98,26.18,26.03,26.33,27.06,27.15,0.339,0.35,0.326,0.287,0.264,0.305,0.364,0.341,0.338,0.343,0.354,0.355,"NAN",30.63,29.71,29.33,29.19,29.19,29.35,28.9,"NAN","NAN","NAN","NAN",13.74
"2013-12-05 18:00:00",57,25.93,26.72,25.22,23.41,22.58,24.26,27.98,26.18,26.02,26.32,27.06,27.15,0.337,0.349,0.324,0.286,0.265,0.305,0.364,0.341,0.338,0.343,0.354,0.355,"NAN",32.71,32.06,31.73,31.88,31.76,32.03,31.49,"NAN","NAN","NAN","NAN",13.75
"2013-12-06 00:00:00",58,25.83,26.63,25.14,23.36,22.63,24.27,27.98,26.17,26.02,26.31,27.06,27.16,0.335,0.348,0.323,0.284,0.266,0.305,0.364,0.341,0.338,0.343,0.354,0.355,"NAN",26.88,26.91,27,27.23,26.86,27.21,27.07,"NAN","NAN","NAN","NAN",12.91
"2013-12-06 06:00:00",59,25.78,26.55,25.06,23.3,22.68,24.27,27.99,26.17,26.02,26.31,27.06,27.17,0.334,0.347,0.321,0.283,0.267,0.305,0.364,0.341,0.338,0.343,0.354,0.355,"NAN",25.17,25.18,25.41,25.51,25.13,25.38,25.46,"NAN","NAN","NAN","NAN",12.74
"2013-12-06 12:00:00",60,25.75,26.49,25,23.25,22.72,24.29,27.99,26.17,26.01,26.31,27.06,27.18,0.334,0.346,0.32,0.282,0.268,0.306,0.365,0.341,0.338,0.343,0.354,0.355,"NAN",25.07,25.04,25.19,25.25,24.99,25.16,25.21,"NAN","NAN","NAN","NAN",12.87
"2013-12-06 18:00:00",61,25.72,26.43,24.93,23.2,22.75,24.29,27.99,26.17,26.01,26.3,27.06,27.18,0.333,0.345,0.319,0.281,0.269,0.306,0.365,0.341,0.338,0.343,0.354,0.355,"NAN",27.05,26.71,26.58,26.61,26.53,26.63,26.44,"NAN","NAN","NAN","NAN",13.88
"2013-12-07 00:00:00",62,25.77,26.38,24.88,23.16,22.78,24.31,27.99,26.17,26.01,26.31,27.06,27.19,0.334,0.344,0.318,0.28,0.27,0.306,0.365,0.341,0.338,0.343,0.354,0.355,"NAN",24.32,24.48,24.65,24.86,24.48,24.81,24.78,"NAN","NAN","NAN","NAN",12.9
"2013-12-07 06:00:00",63,26.27,26.52,24.84,23.12,22.78,24.33,28,26.17,26,26.31,27.06,27.19,0.342,0.346,0.317,0.279,0.27,0.307,0.365,0.341,0.338,0.343,0.354,0.355,"NAN",22.79,23.01,23.23,23.4,23.05,23.25,23.41,"NAN","NAN","NAN","NAN",12.75
"2013-12-07 12:00:00",64,26.25,26.7,24.9,23.08,22.79,24.35,28.01,26.16,26,26.31,27.06,27.19,0.342,0.349,0.318,0.278,0.27,0.307,0.365,0.341,0.338,0.343,0.354,0.355,"NAN",26.39,25.94,25.75,25.71,25.68,25.76,25.58,"NAN","NAN","NAN","NAN",13.63
"2013-12-07 18:00:00",65,26.11,26.69,24.94,23.05,22.79,24.37,28.01,26.16,25.99,26.3,27.06,27.2,0.34,0.348,0.319,0.277,0.27,0.307,0.365,0.341,0.338,0.343,0.354,0.355,"NAN",31.57,30.67,30.17,30.31,30.27,30.48,29.75,"NAN","NAN","NAN","NAN",13.59
"2013-12-08 00:00:00",66,26,26.63,24.94,23.02,22.79,24.38,28.02,26.16,25.99,26.3,27.06,27.21,0.338,0.348,0.319,0.276,0.27,0.308,0.365,0.341,0.338,0.343,0.354,0.356,"NAN",25.49,25.59,25.75,25.95,25.53,25.93,25.84,"NAN","NAN","NAN","NAN",12.9
"2013-12-08 06:00:00",67,25.94,26.56,24.92,23.01,22.79,24.4,28.02,26.16,25.98,26.3,27.06,27.21,0.337,0.347,0.319,0.276,0.27,0.308,0.365,0.341,0.338,0.343,0.354,0.356,"NAN",24.3,24.33,24.57,24.68,24.29,24.52,24.64,"NAN","NAN","NAN","NAN",12.75
"2013-12-08 12:00:00",68,25.88,26.51,24.89,22.99,22.78,24.42,28.02,26.16,25.98,26.29,27.06,27.22,0.336,0.346,0.318,0.275,0.27,0.309,0.365,0.341,0.338,0.343,0.354,0.356,"NAN",28.46,27.88,27.53,27.53,27.53,27.65,27.2,"NAN","NAN","NAN","NAN",13.68
"2013-12-08 18:00:00",69,25.85,26.45,24.85,22.98,22.78,24.43,28.04,26.16,25.98,26.29,27.06,27.21,0.335,0.345,0.317,0.275,0.27,0.309,0.365,0.341,0.338,0.343,0.354,0.356,"NAN",29.8,29.48,29.2,29.33,29.28,29.58,29.01,"NAN","NAN","NAN","NAN",13.42
"2013-12-09 00:00:00",70,25.91,26.41,24.82,22.96,22.77,24.45,28.05,26.16,25.98,26.29,27.06,27.22,0.337,0.344,0.317,0.274,0.27,0.309,0.365,0.341,0.338,0.343,0.354,0.356,"NAN",24.46,24.58,24.79,24.91,24.55,24.78,24.87,"NAN","NAN","NAN","NAN",12.9
"2013-12-09 06:00:00",71,25.85,26.39,24.79,22.94,22.76,24.47,28.06,26.16,25.97,26.29,27.06,27.22,0.335,0.344,0.316,0.274,0.269,0.31,0.365,0.341,0.338,0.343,0.354,0.356,"NAN",24.25,24.32,24.54,24.61,24.27,24.5,24.59,"NAN","NAN","NAN","NAN",12.76
"2013-12-09 12:00:00",72,25.8,26.36,24.76,22.92,22.75,24.48,28.06,26.16,25.97,26.28,27.06,27.22,0.335,0.344,0.316,0.273,0.269,0.31,0.365,0.341,0.338,0.343,0.354,0.356,"NAN",28.9,28.21,27.91,27.73,27.79,27.89,27.58,"NAN","NAN","NAN","NAN",13.8
"2013-12-09 18:00:00",73,25.7,26.33,24.73,22.9,22.75,24.48,28.08,26.16,25.97,26.27,27.06,27.23,0.333,0.343,0.315,0.273,0.269,0.31,0.365,0.341,0.338,0.342,0.354,0.356,"NAN",30.72,30.17,29.87,30.05,29.92,30.19,29.67,"NAN","NAN","NAN","NAN",13.79
"2013-12-10 00:00:00",74,25.62,26.29,24.7,22.88,22.74,24.5,28.09,26.16,25.96,26.27,27.05,27.24,0.332,0.343,0.314,0.273,0.269,0.31,0.366,0.341,0.337,0.342,0.353,0.356,"NAN",25.76,25.79,25.94,26.06,25.75,26.01,26,"NAN","NAN","NAN","NAN",12.91
"2013-12-10 06:00:00",75,25.58,26.25,24.68,22.85,22.73,24.5,28.11,26.16,25.96,26.28,27.05,27.24,0.331,0.342,0.314,0.272,0.269,0.31,0.366,0.341,0.337,0.342,0.353,0.356,"NAN",24.75,24.79,24.98,25.08,24.74,24.98,25.04,"NAN","NAN","NAN","NAN",12.73
"2013-12-10 12:00:00",76,25.55,26.21,24.65,22.83,22.72,24.5,28.11,26.17,25.96,26.27,27.05,27.24,0.33,0.341,0.313,0.271,0.268,0.31,0.366,0.341,0.337,0.342,0.353,0.356,"NAN",28.5,27.81,27.49,27.46,27.42,27.55,27.21,"NAN","NAN","NAN","NAN",13.57
"2013-12-10 18:00:00",77,25.49,26.16,24.61,22.81,22.71,24.5,28.13,26.17,25.95,26.27,27.05,27.25,0.329,0.341,0.313,0.271,0.268,0.31,0.366,0.341,0.337,0.342,0.353,0.356,"NAN",28.38,28.15,27.96,28.24,28,28.34,27.91,"NAN","NAN","NAN","NAN",13.8
"2013-12-11 00:00:00",78,25.46,26.13,24.59,22.79,22.71,24.51,28.15,26.17,25.95,26.27,27.05,27.25,0.329,0.34,0.312,0.27,0.268,0.31,0.366,0.341,0.337,0.342,0.353,0.356,"NAN",25.21,25.25,25.42,25.55,25.2,25.45,25.49,"NAN","NAN","NAN","NAN",12.91
"2013-12-11 06:00:00",79,25.44,26.09,24.56,22.77,22.7,24.51,28.15,26.17,25.95,26.27,27.05,27.25,0.328,0.339,0.311,0.27,0.268,0.31,0.366,0.341,0.337,0.342,0.353,0.356,"NAN",24.73,24.78,24.98,25.08,24.74,24.96,25.04,"NAN","NAN","NAN","NAN",12.75
"2013-12-11 12:00:00",80,25.42,26.06,24.53,22.75,22.69,24.51,28.16,26.18,25.95,26.27,27.05,27.25,0.328,0.339,0.311,0.269,0.268,0.31,0.366,0.341,0.337,0.342,0.353,0.356,"NAN",28.01,27.49,27.29,27.18,27.16,27.25,27.07,"NAN","NAN","NAN","NAN",13.66
"2013-12-11 18:00:00",81,25.37,26.02,24.49,22.73,22.68,24.51,28.17,26.18,25.96,26.26,27.05,27.26,0.327,0.338,0.31,0.269,0.267,0.31,0.366,0.341,0.337,0.342,0.353,0.356,"NAN",31.27,30.67,30.29,30.47,30.4,30.6,30.05,"NAN","NAN","NAN","NAN",13.8
"2013-12-12 00:00:00",82,25.3,25.98,24.46,22.71,22.67,24.51,28.18,26.19,25.96,26.26,27.04,27.26,0.326,0.338,0.309,0.268,0.267,0.31,0.366,0.341,0.337,0.342,0.353,0.356,"NAN",26.17,26.28,26.35,26.6,26.3,26.58,26.47,"NAN","NAN","NAN","NAN",12.91
"2013-12-12 06:00:00",83,25.26,25.94,24.43,22.68,22.67,24.51,28.19,26.19,25.95,26.26,27.04,27.26,0.325,0.337,0.309,0.267,0.267,0.31,0.367,0.341,0.337,0.342,0.353,0.356,"NAN",24.46,24.54,24.78,24.92,24.51,24.78,24.87,"NAN","NAN","NAN","NAN",12.74
